1045473268|205
1045697315|6
1045344452|26
1044589406|37
1045596448|163
1045699221|157
1044917206|116
1045699348|187
1045345929|66
1044704534|78
1045652705|6
1043749860|22
1045582030|86
1045416950|67
1045731418|173
1045641581|87
1044843918|104
1045593599|223
1045365533|6
1045421406|8
1044730246|82
1045748611|37
1045351274|37
1045301946|79
1043937480|27
1045488593|211
1044361617|28
1044853098|87
1045080937|138
1045111305|79
1045269489|80
1045154238|86
1045380204|11
1045452503|134
1045586641|28
1045738337|210
1045178271|146
1045372296|94
1045671883|86
1044880929|28
1044688877|11
1045165699|15
1044863839|4
1045107350|115
1045516919|217
1045110355|6
1045274788|11
1045387051|157
1045234402|158
1045341232|156
1045478376|41
1045719451|67
1044297318|15
1045754969|28
1045282425|86
1045512636|207
1045757611|245
1045609361|28
1045577561|67
1045170563|74
1045240995|6
1045268293|165
1045767117|11
1045653591|125
1045728214|205
1045705706|43
1045557193|11
1044948773|6
1045080370|137
1045689513|28
1045341043|75
1043930362|26
1044896485|86
1045195481|109
1045464047|6
1045139541|142
1045591004|40
1045048202|136
1045677283|6
1044968489|124
1045425068|27
1045431640|156
1045604603|26
1045130515|6
1044797607|43
1045683252|79
1044448350|26
1044942715|120
1045570669|66
1045258842|7
1045363331|168
1045246222|68
1044846301|86
1045346056|37
1045486995|6
1044214000|45
1045013883|72
1044813117|11
1045655459|79
1045023344|6
1044389855|4
1044387921|55
1045438020|200
1045347222|182
1045486382|115
1045034546|135
1045291850|15
1043747228|18
1044638123|28
1045288166|166
1045541095|68
1045102327|43
1045657799|228
1045602170|156
1044993053|13
1045023664|133
1044517180|65
1043495702|6
1045372371|86
1044774869|92
1045003409|66
1045314191|168
1045606939|13
1045548723|57
1044771169|86
1045390166|82
1045491776|213
1045588543|46
1045481434|67
1045260173|6
1045218598|7
1045361037|185
1045307931|6
1045481985|194
1045679123|18
1045036517|67
1045577527|194
1045233442|157
1045739279|55
1045703148|178
1044725095|81
1045680577|170
1044458000|61
1044849628|4
1045188109|57
1044123448|41
1044367519|28
1044027229|33
1044650862|66
1045460719|156
1045585978|221
1045321773|154
1044670345|73
1045382014|15
1044042244|35
1045560663|61
1045655586|194
1045655611|79
1044583004|69
1045407232|28
1044988356|6
1045125754|67
1045722507|18
1045327231|175
1045485650|210
1045438202|83
1045483617|141
1044682407|75
1045480931|209
1043817906|24
1044996076|125
1045756544|244
1045698576|67
1045299503|6
1045186593|15
1045747332|46
1045632120|225
1045722461|18
1045648841|227
1045234876|8
1045261977|57
1045546047|37
1045477459|207
1045481868|205
1044766839|87
1045304791|170
1044269494|13
1044279832|47
1045558134|135
1045471787|24
1044884674|108
1045516588|135
1045761123|58
1045405868|95
1044154993|43
1045543530|7
1044970243|37
1045478180|67
1045533758|7
1045218059|153
1044707198|79
1045647851|7
1045275048|22
1045608236|72
1044392363|43
1045477615|156
1045480969|43
1044407002|57
1045416099|11
1045041605|107
1045020620|83
1045393477|28
1045617280|205
1044995614|121
1045272701|156
1045266160|28
1045033048|7
1044780959|28
1045388760|6
1045562364|28
1045746374|118
1045314314|173
1044652547|72
1045602986|57
1045678903|224
1045425917|197
1044412792|58
1045348061|173
1045238762|160
1044709075|80
1044999719|82
1045449303|201
1044104207|38
1044846316|79
1045264614|164
1045241431|156
1044863124|6
1045341471|178
1045493963|22
1044769132|57
1044772419|15
1045014900|127
1044107651|40
1043402767|6
1045723355|237
1043608482|13
1045483038|79
1043899828|6
1045590166|156
1045463362|6
1045520156|94
1045336733|8
1045504133|28
1044285284|48
1044078197|37
1045028393|67
1045259468|163
1044417566|59
1045284904|82
1045351826|28
1045568348|43
1045143944|6
1045333202|66
1045433256|199
1045419344|26
1045231642|155
1044884849|6
1045438837|6
1045360853|15
1045756299|243
1045233300|156
1045754011|242
1044160600|37
1045473347|205
1045299669|167
1045278747|8
1045684594|18
1045354249|28
1045212403|152
1045510294|28
1045696657|207
1044908245|111
1045001090|6
1044943868|80
1044334640|11
1045302410|168
1045758137|182
1045468095|86
1044848909|11
1044819242|97
1045413526|156
1045246078|28
1045413825|193
1044429906|22
1045635023|6
1045681492|229
1045406109|134
1045404382|156
1045234819|11
1045196855|73
1043562035|8
1045321693|174
1045671817|95
1045728189|205
1044521948|67
1044855531|95
1045495205|15
1045602125|28
1045310980|67
1045279551|67
1044809898|6
1045481175|205
1044982114|28
1045692163|37
1043402785|7
1045615794|87
1045723239|236
1045241826|76
1044955341|67
1045175503|7
1045021816|72
1045122521|107
1045702702|232
1045615887|168
1044953624|28
1045302047|67
1045584095|28
1045456564|11
1045599241|4
1045090378|73
1045188547|83
1045307826|66
1044897718|86
1044954717|121
1045164703|82
1044760560|86
1045657408|194
1045237036|159
1045609290|86
1044820175|102
1045032333|134
1045461511|28
1045346859|69
1044638749|71
1044913099|50
1044944674|4
1044689408|6
1044677094|74
1044589232|37
1045756410|28
1045302453|169
1045573947|82
1045612863|6
1045711485|234
1045385330|187
1044847509|67
1044271868|46
1045425542|18
1045505212|216
1045351627|27
1045724759|224
1044864943|4
1045551724|109
1045017350|129
1045493882|173
1045634599|226
1045730799|28
1045681675|26
1045570482|43
1045522967|79
1045241545|79
1045181453|45
1045028764|67
1045746742|94
1044968142|123
1044804097|7
1045384231|15
1045489344|184
1045732931|241
1045394164|35
1045494393|141
1045742100|22
1045678297|7
1044520426|66
1045578379|207
1045724030|238
1045494090|215
1044910123|28
1044923263|79
1045594176|224
1044753275|84
1044938750|118
1045508755|57
1045138555|141
1044790001|95
1045570474|41
1044300051|37
1045014297|95
1045411403|43
1045280711|22
1045704363|58
1044790439|96
1045399008|190
1044855059|28
1045298651|67
1045365342|58
1045324904|115
1043397459|6
1044348163|50
1045523926|219
1045034667|28
1045415692|86
1045535889|40
1045710634|233
1045747129|6
1045468544|204
1045493359|43
1045657358|194
1044861783|106
1045443230|68
1045764509|8
1045100798|6
1045495328|209
1044527090|13
1044100897|28
1045688690|231
1044553439|11
1045406821|191
1045556364|6
1044831955|103
1045618119|37
1045350187|183
1045180870|150
1045468872|194
1044808556|6
1045128766|82
1044850586|22
1045456771|97
1045584268|168
1045700537|168
1045598437|28
1045251618|41
1045743020|6
1044942087|86
1045556104|94
1045725925|178
1045585905|86
1044864736|57
1045601612|82
1044880223|107
1045330340|177
1043650580|15
1045005815|57
1045504875|22
1045411293|141
1045664346|26
1045447604|108
1045757105|75
1045048091|136
1044363196|51
1045462001|202
1043506302|8
1045367953|82
1045521656|218
1045350419|183
1044914830|75
1045224300|154
1044789966|94
1045524027|81
1045221605|51
1045266709|57
1045157743|144
1045317455|137
1045422574|194
1044575304|68
1045114383|57
1045716476|28
1045761545|84
1045180169|149
1043565691|11
1045553108|220
1045358739|184
1045125403|109
1045677572|204
1045453249|6
1043987329|28
1043374545|4
1045301128|61
1045104966|67
1044698086|76
1045732786|67
1045308478|171
1044896146|109
1045748248|156
1045351652|183
1045254741|161
1045147623|11
1045750612|200
1044731826|83
1045680516|86
